0.27211	0.43726	-1
0.24909	0.42306	-1
-0.41055	0.25216	-1
-0.35577	0.26979	-1
-0.43434	0.85963	1
0.20574	0.6528	1
-0.59482	0.10916	-1
-0.091546	0.56248	1
0.42535	0.53532	1
-0.85107	0.47496	-1
-0.46219	0.99887	1
-0.36615	-0.03614	-1
-0.73925	0.40885	-1
0.51619	0.25826	-1
-0.18089	0.88046	1
0.18829	0.70485	1
0.52872	0.22708	-1
-0.67633	1.065	1
0.43897	0.62817	1
-0.632	0.25195	-1
0.59239	0.89257	1
-0.86752	-0.13749	-1
-0.45858	0.42074	-1
0.45062	0.45233	-1
0.21662	0.64142	1
-0.72302	0.25618	-1
0.32211	0.69087	-1
-0.68031	0.47612	-1
-0.44127	0.32628	1
-0.51081	0.41496	-1
-0.55704	0.31419	-1
-0.28769	0.8833	1
-1.012	0.34469	-1
-0.7269	0.35728	-1
-0.0056113	0.22366	-1
0.51773	0.70945	1
-0.50198	0.37005	1
0.086777	0.39732	-1
0.28988	0.20472	1
-0.34825	0.5053	1
0.44629	0.20648	-1
-0.54076	0.65293	1
0.25026	0.73843	1
-0.56261	0.75476	1
0.50715	0.35046	1
0.27045	0.36031	-1
0.59598	0.68052	-1
0.13863	0.39555	-1
-0.62071	0.7708	-1
-0.49255	1.0144	1
0.49807	0.90262	1
0.54336	0.41175	1
0.3469	0.77664	1
0.16697	0.18064	-1
0.063954	0.045543	-1
-0.45809	0.57137	1
-0.67511	0.55017	-1
-0.44469	0.77904	1
-0.26292	0.78747	1
0.22499	0.46486	-1
0.34121	0.48782	1
0.18042	0.91433	1
0.22491	0.84092	1
-0.21125	0.81317	1
0.58238	0.22843	-1
-0.55704	0.77872	1
-0.047152	0.21458	-1
-0.16071	0.53004	1
-0.78138	-0.075347	-1
0.23449	0.24701	-1
0.061432	0.32491	-1
-0.55672	0.35815	-1
-0.85097	0.34517	-1
0.15897	0.87733	1
-0.077907	0.24584	-1
0.27496	0.62295	1
0.43366	0.60491	-1
-0.39939	0.96198	1
-0.11175	0.70599	1
0.41271	0.35326	-1
0.091615	0.30913	-1
-0.88912	0.26896	-1
-0.096666	0.70731	1
0.48008	0.37481	-1
-0.18025	0.87634	1
-0.39618	0.51177	-1
0.14583	0.36825	-1
-0.14092	0.39247	-1
0.3544	0.22752	-1
-0.099298	0.89443	1
0.49532	0.63105	1
0.43641	0.52395	1
0.1838	-0.090084	-1
0.25986	0.096918	-1
-0.61342	0.26613	-1
-0.40904	0.7423	1
0.53844	0.908	1
0.34726	0.70814	1
0.37268	0.49656	-1
-0.039349	0.95979	1
0.18019	0.46205	-1
0.24753	0.39082	1
0.48536	0.82018	1
-0.45795	0.70402	1
0.35041	0.44398	1
0.2706	0.2602	-1
-0.26122	0.69965	1
0.5645	0.91531	1
0.84413	0.56151	1
0.38914	0.4043	-1
-0.45399	0.66513	1
0.41698	0.45295	1
-0.74922	0.18515	-1
-0.13115	0.94898	1
0.14258	0.11296	-1
-0.0091204	0.72474	-1
-0.5788	0.26554	-1
-0.064478	0.83407	1
-0.33584	0.39248	1
0.10905	0.63026	-1
-0.2212	0.98789	1
0.13615	0.22351	-1
0.47914	0.76927	1
0.24083	0.23397	-1
0.1222	0.78448	1
0.48803	0.49221	-1
0.29109	0.19366	-1
0.40968	0.21237	-1
0.53075	0.32739	-1
-0.10746	0.61587	1
0.074898	0.72662	1
-0.62568	0.32012	-1
0.33241	0.2735	-1
-0.51427	0.32431	1
0.5451	0.21846	-1
-0.85394	0.19842	-1
-0.64657	0.60945	-1
-0.90997	0.45179	-1
0.24687	0.5327	-1
0.66676	0.7384	1
-0.36653	0.64831	1
0.46536	0.85439	1
-0.71517	0.21724	-1
-0.76739	0.09259	-1
-0.4564	0.80523	1
-0.20569	0.64492	1
0.45998	0.42199	1
-0.22944	0.59473	1
0.2182	0.7911	1
-0.36529	0.45703	1
0.33187	0.57037	1
0.40143	0.42516	-1
-0.8215	0.3835	-1
0.61428	0.2833	-1
0.42815	0.13446	-1
-0.19173	0.80943	1
0.39919	0.12005	-1
0.2942	0.3741	1
-0.98957	0.16669	-1
-0.31455	0.79724	1
-0.54614	0.83522	1
-0.4618	0.78214	1
-0.77533	0.49889	-1
-0.84101	0.29033	-1
-0.44437	0.2301	-1
-0.023181	0.40443	-1
-0.62128	0.16738	-1
0.41815	0.14552	-1
-0.29548	0.84672	1
0.5517	0.87753	1
0.38994	0.30922	-1
-0.40033	0.6883	1
0.071927	0.57278	-1
0.42817	0.054583	-1
0.38526	0.65528	1
0.28482	-0.048776	-1
0.32389	0.19236	-1
0.43319	0.77017	1
0.077065	0.79788	1
-0.93004	0.24053	-1
0.25818	0.75002	1
0.70121	0.74573	1
-0.35862	0.93646	1
0.090257	0.847	1
-1.0179	0.14872	-1
-0.7518	0.40926	-1
0.20883	0.010096	-1
0.76204	0.57322	1
0.30937	0.50823	1
0.17511	0.60939	1
-0.80082	0.36312	-1
0.50358	0.4624	1
-0.58946	0.8971	1
-0.54009	0.55107	-1
0.58589	0.4332	-1
0.01463	0.40191	1
0.74885	0.24681	-1
0.47624	0.0091385	-1
-0.8963	0.28692	-1
0.26828	0.2679	-1
-1.0414	0.32851	-1
0.33056	-0.018831	-1
0.38344	0.2433	-1
0.76437	0.61557	1
-0.77267	0.35548	-1
0.087363	0.72235	1
-0.7302	0.2955	-1
-0.023499	0.37992	-1
0.17675	0.4302	-1
-0.72418	0.62576	-1
0.18236	0.29852	-1
-0.032262	0.65573	1
0.12311	0.61894	1
-0.92358	0.41261	-1
-0.70584	0.65908	-1
-0.14564	0.52779	1
-0.77527	0.30672	-1
-0.44165	0.13155	-1
-0.32183	0.62436	1
-0.89219	0.20146	-1
0.53175	0.54373	1
-0.029384	0.61407	1
-0.44894	0.6506	1
-0.92512	0.60475	-1
0.3778	0.47457	-1
0.097619	0.55177	-1
0.46536	0.61911	1
0.52649	0.85643	1
-0.84152	-0.19131	-1
-0.69643	0.31519	-1
0.18007	0.9179	1
-0.42407	0.99487	1
-0.76797	0.81889	1
0.26888	0.44559	1
0.67133	0.88757	1
0.67413	0.60245	1
0.048405	-0.037865	-1
-0.22238	0.88851	1
-0.12474	0.32366	1
0.22655	0.2446	-1
0.41314	0.85404	1
0.27024	0.36194	-1
-0.11287	0.82569	1
0.24481	-0.033435	-1
-0.27252	0.68348	1
-0.86147	0.28735	-1
0.076348	0.56222	1
0.21533	0.6026	1
-0.61766	0.06734	-1
-0.59209	0.44751	-1
0.6605	0.89919	1
-0.70439	0.23898	-1
-0.33218	0.50148	1
0.45407	0.33258	-1
-0.40305	0.78687	1
-0.65783	0.2659	-1
-0.61647	0.25295	-1
-0.42664	0.64723	-1
0.22155	0.39653	-1
-0.58221	0.27199	-1
-0.25511	0.73744	1
-0.43648	0.52004	1
0.24251	0.23269	-1
-0.029349	0.8296	1
0.35292	0.63953	1
0.39879	0.14934	-1
0.26335	0.45543	1
0.28598	0.79612	1
0.46105	0.61576	1
-0.61686	0.25508	-1
-0.91636	0.23612	-1
0.31687	0.39706	-1
-0.11685	0.87851	1
-0.78001	0.038438	-1
-0.46223	0.61661	1
0.19795	0.31	-1
-0.43018	0.26803	-1
-0.23353	0.53611	1
-0.89412	0.15717	-1
-0.70139	0.46236	-1
0.41072	0.79892	1
0.5792	0.17935	-1
-0.69846	0.95054	-1
0.52917	0.28531	-1
-0.72651	0.18187	-1
-0.21416	0.64364	1
0.10653	0.50037	-1
0.31833	0.087906	-1
-0.72371	-0.018	-1
-0.4581	0.77969	1
-0.60969	0.50187	-1
0.29815	0.93454	1
-0.57476	0.2167	-1
0.36637	0.77254	1
-0.73436	0.13192	-1
0.1509	0.87495	1
0.54811	0.68354	1
0.12737	0.32173	-1
-0.5976	0.1479	-1
0.69426	0.55071	1
0.16044	0.45526	-1
-0.098832	0.85452	1
-0.38705	0.6545	1
0.18067	0.51889	1
0.32121	0.10119	-1
0.51482	0.76204	1
-0.15188	0.49289	1
-0.34124	0.53642	1
0.21057	0.79265	1
0.47146	0.48221	1
0.48977	0.6842	1
0.33864	1.0284	1
0.32083	0.32721	-1
-0.3347	0.63831	1
0.34479	0.24605	-1
-0.29889	0.7367	1
-0.67942	0.30754	-1
-0.9278	0.07224	-1
0.25503	0.43059	-1
0.52026	0.76297	1
0.42755	0.1062	-1
0.37835	0.20555	-1
0.39268	0.090262	-1
-0.53941	0.37674	-1
-0.64029	0.43576	-1
-0.41376	0.69645	1
-0.69107	0.25564	-1
-0.060226	0.68823	1
0.30056	0.21433	-1
-0.40581	0.739	1
0.75943	0.8979	1
0.30766	1.0747	1
-0.80872	0.47037	-1
0.68511	0.78067	1
0.6276	0.47219	-1
-0.35658	0.6371	1
-0.057868	0.49868	-1
-0.23921	0.37827	1
0.21346	0.43612	-1
-0.12824	0.53333	-1
-0.82238	0.2684	-1
-1.0314	0.48228	-1
0.206	0.78537	1
0.38827	0.44977	1
0.14987	0.30568	-1
0.39168	0.48977	1
-0.4025	0.71301	1
-0.32588	0.39866	1
0.44636	0.86978	1
0.28982	0.6453	1
-0.73415	0.13837	-1
-0.46502	0.28552	-1
0.078379	0.32285	-1
-0.8141	0.2283	-1
0.18669	0.43819	-1
0.076193	0.35386	1
-0.028566	0.4865	1
0.5044	0.080546	-1
0.43541	0.12192	-1
0.20631	0.34896	-1
-0.96598	0.17931	-1
-0.52963	0.091068	-1
-0.72087	0.19677	-1
-0.52061	0.83737	1
-0.5633	0.64638	1
-0.97586	0.45965	-1
-0.74786	0.56999	-1
0.11861	0.83265	1
-0.44792	0.8435	1
-0.53629	0.52943	1
-0.30336	0.57626	1
0.26742	0.66913	1
0.27538	0.80655	1
-0.24656	0.55075	1
-0.28686	0.71063	1
0.29094	0.85842	1
-0.71749	0.16991	-1
-0.65639	0.01246	-1
-0.76273	0.89035	1
0.47459	0.88995	1
0.020766	0.4008	1
-0.73643	0.11858	-1
-0.28196	0.46929	1
-0.64713	0.15921	-1
-0.27215	1.0098	1
0.20864	0.23023	-1
-0.63392	0.3907	-1
-0.54645	0.74577	1
0.23572	0.22494	-1
0.8161	0.64324	1
-0.59006	0.466	-1
0.12974	0.47821	1
-0.56776	0.20712	-1
0.048115	0.10476	-1
-0.255	0.50426	1
-0.22605	0.79789	1
-0.69316	0.10024	-1
-0.75941	0.36616	-1
0.59921	0.6057	1
-0.43952	0.94645	1
0.39417	0.53394	-1
-0.8719	0.19179	-1
0.23155	0.40309	-1
0.37259	0.49786	1
-0.62932	0.63202	-1
0.42853	0.63626	-1
-0.55397	0.53896	-1
0.35965	0.9848	1
0.64632	0.52231	1
0.38966	0.69757	1
0.12446	0.45179	-1
0.70758	1.049	1
-0.28486	0.30732	-1
0.73525	0.83303	1
0.51922	0.072765	-1
0.60365	0.4392	1
0.60735	0.18468	-1
-0.43382	0.56868	1
0.55113	1.0418	1
-0.52814	0.44996	-1
0.60942	0.5601	1
-0.94371	-0.18063	-1
-0.43507	0.49286	-1
0.17167	0.7064	1
0.48355	0.51937	1
-0.27423	0.67734	1
-0.74628	0.25624	-1
-0.67969	0.43841	-1
-0.39463	0.73254	1
0.36868	0.37053	1
0.29354	0.13396	-1
-0.26382	0.56578	1
0.30486	0.98029	1
0.031919	0.01223	-1
0.22157	0.27346	-1
0.41851	1.0442	1
0.43141	0.28846	-1
-0.67245	0.29033	-1
-0.83714	0.26917	-1
0.26357	0.097322	-1
0.48342	-0.027607	-1
-0.35831	0.63888	1
0.086616	0.13848	-1
0.059891	0.61548	-1
0.38893	0.98054	1
0.52401	0.46617	-1
0.38842	0.32193	-1
0.42567	0.23905	-1
-0.061052	0.74185	1
0.34085	0.76668	1
0.63088	0.71003	1
-0.23113	0.49114	1
0.3138	0.42847	1
0.26104	0.88367	1
0.32768	0.60801	1
0.090648	0.65432	1
-0.69859	0.38567	-1
-0.23581	0.64294	1
-0.10974	0.69651	1
-0.32796	0.54624	1
-0.97099	0.42942	-1
0.2549	0.41022	-1
-0.058505	0.72204	1
0.45828	0.32465	-1
-0.38982	0.57988	1
0.31008	0.34675	-1
0.073536	0.25214	-1
0.028413	0.75793	1
0.52939	0.074699	-1
0.30427	0.22029	-1
-0.40675	0.85898	1
0.38887	0.042378	-1
-0.60566	0.26906	-1
-0.80775	0.41486	-1
0.49376	0.37606	-1
0.45006	0.50152	-1
-0.1102	0.5534	1
0.42767	0.96259	1
-0.28659	0.73376	1
-0.21991	0.31505	-1
-0.96252	0.36776	-1
0.62385	0.33898	-1
0.32692	0.46807	-1
-0.83156	0.14358	-1
0.25098	0.06957	-1
0.34831	0.68002	1
-0.699	0.41705	-1
-0.38312	0.67237	1
0.23937	0.46239	-1
0.2678	0.6037	1
-0.07598	0.3122	-1
0.16652	0.077487	-1
0.2296	0.067682	-1
0.067189	0.60575	-1
0.19759	0.71058	1
-0.63223	0.44552	-1
0.15188	0.96654	1
0.34921	0.063167	-1
0.61817	0.32731	-1
-0.24443	0.45137	1
-0.7567	0.17452	-1
0.45508	0.55183	1
-0.19442	0.89877	1
0.20473	0.91515	1
-0.76773	0.24581	-1
0.35884	0.6714	1
-0.5319	0.45262	1
0.10954	0.18951	-1
0.25091	0.30717	-1
0.027845	0.53777	1
0.50736	0.50429	1
0.36464	0.55204	1
-0.82403	0.29523	-1
-0.90108	0.32102	-1
-0.63511	0.68809	1
-0.74807	0.08904	-1
0.12292	0.40618	-1
-0.74137	0.2985	-1
-0.27225	0.23462	1
0.27847	0.75594	1
0.54059	0.77478	1
-0.072362	0.33377	-1
0.45884	0.44347	-1
0.15902	0.53138	-1
0.41965	0.8333	1
-0.77872	0.41713	-1
-0.24621	0.72827	1
0.051022	0.51823	-1
-0.56097	0.80742	1
-0.53173	0.61934	1
0.1619	0.12371	-1
0.5161	0.62092	1
0.40763	1.0163	1
-0.19159	0.3809	1
0.57198	0.79421	1
0.62719	0.8578	1
0.28751	0.21941	-1
0.32369	0.35687	-1
0.57311	0.4095	1
0.49166	0.91903	1
0.36532	0.19347	1
-0.76537	0.59697	-1
0.040324	0.77957	1
0.4008	0.78617	1
-0.68196	0.49535	-1
0.39395	0.70171	1
0.16976	0.10436	-1
-0.51789	0.032881	-1
-0.83177	0.54447	-1
0.68476	0.89275	1
0.34088	0.58241	1
0.25202	0.1703	-1
-0.86008	0.21892	-1
-0.88374	0.61494	-1
-0.57453	0.18624	-1
0.31461	0.75507	1
0.1937	0.35613	-1
-1.2465	0.45923	-1
-0.59586	0.40029	-1
0.46662	0.6493	1
0.46945	0.68661	1
0.38057	0.43409	-1
0.21046	0.41534	-1
-0.46455	0.21832	-1
0.23636	0.51544	-1
0.30074	0.18802	-1
-0.58253	0.18494	-1
0.3323	-0.011059	-1
-0.10263	0.67594	1
-0.2553	0.82211	1
0.38717	0.58578	1
-0.21036	0.56745	1
-0.53123	0.42653	-1
-0.66114	0.13684	-1
-0.060506	0.77217	1
-0.47145	0.70854	1
-0.77293	0.26317	-1
-0.17598	0.65924	1
-0.31205	0.61849	1
0.1785	0.44691	-1
0.65677	0.75766	1
-0.20091	0.91165	1
0.29328	0.56454	1
0.17517	0.34535	-1
0.075248	0.62142	1
-0.17711	1.175	1
0.43744	-0.027211	-1
-0.73544	0.26614	-1
-0.25841	0.67192	1
0.50775	0.82699	1
0.5306	0.28711	-1
0.24322	0.51488	-1
-0.1627	0.93099	1
-0.99664	0.20922	-1
-0.39422	1.085	1
-0.35653	0.89602	1
-0.84381	0.5088	-1
-0.33893	0.78973	1
0.38183	0.08581	-1
-0.92368	0.44945	-1
-0.11678	0.4834	1
0.098483	0.51732	1
-0.43301	0.21365	-1
-0.14907	0.83786	1
0.40983	0.28032	-1
-0.40868	0.37492	-1
0.55987	0.78308	1
-0.75673	0.14093	-1
-0.12962	0.89182	1
0.31011	0.30151	-1
-0.29459	0.84601	1
0.3119	0.28663	-1
0.27962	0.3104	-1
-0.31599	0.73617	1
0.38236	0.48559	1
-0.23727	0.80179	1
0.051008	0.16086	-1
-0.11251	0.6119	1
-0.0092642	1.0126	1
0.50483	0.15411	-1
0.42442	0.32195	-1
0.1598	0.25764	-1
0.49957	0.67963	1
-0.68122	0.042098	-1
0.36103	0.64511	1
-0.25278	0.70526	1
-0.2139	1.0932	1
-0.76785	0.23615	-1
-0.38745	0.080891	-1
-0.79302	0.11814	-1
-0.77931	0.31909	-1
-0.89077	0.41169	-1
-0.28691	0.61958	1
0.011878	0.3528	-1
0.52276	0.52085	1
-0.18651	0.81755	1
0.20121	0.54983	1
-0.7359	0.65529	-1
0.31789	0.11058	-1
-0.47481	0.71122	1
-0.79966	0.29293	-1
-0.085688	0.84793	1
0.40821	0.25448	-1
0.55109	0.31398	-1
-0.96338	0.249	-1
-0.35837	0.80727	1
0.5738	0.63713	1
0.78148	1.0749	1
-0.060486	0.62983	1
0.30505	0.47418	-1
-0.11343	0.60067	1
-0.50451	0.57196	-1
-0.80251	0.66879	-1
0.46211	0.35796	-1
-0.50934	0.29003	-1
-0.12281	0.5165	-1
0.42683	0.69752	1
-0.87147	0.40953	-1
0.32968	0.70452	1
0.089596	0.33842	-1
-0.25093	0.80777	1
-0.4184	0.68041	1
-0.30448	0.5782	1
0.12972	0.69711	1
-0.56508	0.32702	-1
0.49226	0.46876	1
-0.43079	0.64562	1
0.48382	0.7764	1
-0.21344	0.46655	1
0.40208	0.51638	1
0.31558	0.38853	-1
-0.46206	0.23067	-1
-0.92341	0.49225	-1
0.28051	0.022916	-1
0.75064	0.82804	1
0.42634	0.77744	1
0.58276	0.39043	-1
0.43219	0.39426	-1
0.085627	0.31526	-1
0.18599	0.26991	-1
-0.16625	0.57802	1
-0.82938	0.48787	-1
-0.11437	0.73688	1
0.32542	0.56501	1
0.54451	0.31057	1
-0.36335	0.88171	1
-0.35347	0.40373	-1
-0.084056	0.36521	-1
0.45464	0.62706	1
0.1783	0.30672	-1
-0.20195	0.62102	1
0.49266	0.48629	-1
-0.91209	0.40798	-1
-0.66776	0.42883	-1
-0.65881	0.26915	-1
0.24088	0.71949	-1
-0.06315	0.35139	-1
-0.39291	0.31451	-1
-0.84863	0.082763	-1
0.44291	0.80088	1
-0.0040905	0.39901	-1
-0.34857	0.61261	1
0.07737	0.32183	-1
-0.77199	0.47634	-1
-0.78937	0.17592	-1
-0.96033	0.11004	-1
0.24999	0.35066	1
-0.83705	0.40805	-1
-0.16643	0.89715	1
0.22863	0.69636	1
0.2244	0.5592	1
-0.33835	0.24243	-1
-0.27391	0.5994	1
-0.65538	0.22579	-1
-0.20781	0.65132	1
-0.19683	0.71411	1
0.53333	0.59167	-1
0.41728	0.20002	-1
-0.31068	0.54491	1
0.32061	0.33408	-1
1.0003	0.66924	1
-0.38326	0.9182	1
-0.71695	0.1221	-1
-0.53705	0.30742	-1
0.56559	0.76637	1
0.16808	0.79423	1
-0.51997	0.94083	1
0.34658	0.28348	-1
-0.8226	0.17587	-1
-0.74352	0.24742	-1
0.51835	0.87694	1
0.10765	0.57947	-1
-0.59136	0.3023	-1
0.044037	0.47664	1
-0.44041	0.97432	1
0.31679	0.25292	-1
0.64029	0.80427	1
-0.073316	0.55822	1
-0.66089	0.61105	1
0.35096	0.68643	1
-0.55406	0.51253	1
-0.42698	0.28218	-1
0.35255	0.35158	-1
-0.33683	0.29361	-1
-0.43307	0.14479	-1
-0.52343	-0.064743	-1
0.55254	-0.016858	-1
-0.26681	0.54509	1
0.21837	0.12706	-1
-0.21279	0.77469	1
0.060484	0.27759	-1
-0.29497	0.70762	1
-0.73479	0.36524	-1
0.46155	0.7284	1
-0.66065	-0.028489	-1
-0.36311	0.66156	1
-0.65077	0.4122	-1
-0.74441	0.20309	-1
0.31496	0.91941	1
-0.69142	0.0063396	-1
0.16651	0.67564	1
-0.96983	0.15536	-1
0.47526	0.22484	-1
-0.59823	0.98701	1
0.66203	0.54508	1
-0.32685	0.82355	1
-0.02044	0.13216	-1
0.47555	0.65056	1
0.3713	0.76139	1
0.48821	0.92891	1
0.49777	0.76908	1
0.37039	0.72342	1
0.35648	0.91182	1
-0.59604	0.18497	-1
0.4308	0.26319	-1
0.028371	0.1663	-1
0.15251	0.8516	1
0.072424	0.67867	1
0.41367	0.86765	1
0.55006	0.95332	1
-0.21035	0.4167	1
0.50276	0.71213	1
0.093462	0.6731	1
0.41689	0.49814	1
-0.13811	0.61293	1
0.16392	0.02613	-1
0.59547	0.16212	-1
-0.89208	0.064133	-1
-0.29097	1.0437	1
0.40542	0.35102	-1
0.32417	0.80841	1
-0.47013	0.54425	-1
0.42286	0.65242	1
-0.47984	0.78809	1
0.66501	0.87851	1
-0.73173	0.055993	-1
0.084423	0.31928	-1
0.32606	0.56389	-1
-0.25606	0.46528	1
0.74592	0.70635	1
0.20077	1.068	1
0.54113	0.64105	1
-0.39264	0.3969	1
-0.37849	0.77836	1
-0.23108	0.45316	1
0.28603	0.21564	-1
-0.18658	0.56061	1
0.51933	0.3529	-1
-0.80534	0.064157	-1
0.35335	0.77324	1
-0.63265	0.52238	-1
-0.6589	0.031828	-1
-0.66322	0.24128	-1
-0.32624	0.59973	1
-0.20307	0.31791	1
0.39944	0.49688	-1
0.36371	0.32421	-1
-0.26016	0.81009	1
-0.54822	0.72674	1
-0.96876	0.29607	-1
-0.43762	0.87812	1
0.62981	0.28146	1
0.36938	0.71738	1
-0.33323	0.55895	1
0.20392	0.91641	1
0.36123	0.50687	-1
-0.98033	0.29928	-1
0.5838	0.76358	1
0.015952	0.32168	-1
-0.035071	0.8128	1
-0.51529	0.76473	1
0.58395	0.47147	-1
-0.53505	0.11804	-1
-0.70566	0.22069	-1
-0.95213	0.29828	-1
0.11182	0.29637	-1
-0.77068	0.48273	-1
0.33421	0.41396	-1
0.50927	0.46404	-1
-0.29399	0.34169	-1
0.41457	0.27141	-1
-0.17207	1.0088	1
0.097239	0.68116	1
0.10293	0.44615	-1
-0.69169	0.27275	-1
0.54193	0.59224	1
-0.49374	0.71786	-1
-0.42618	0.46177	1
-0.31579	0.75031	1
0.51613	0.41266	1
0.33231	0.50908	1
0.571	0.90596	1
-0.15194	0.81218	1
0.44875	0.01505	-1
0.37128	0.70089	1
-0.26878	0.67681	1
0.5502	0.7373	1
-0.3213	0.82861	1
-0.42961	0.64415	1
-0.60417	0.32616	-1
-0.30148	0.55231	1
-0.23383	0.63643	1
-0.22996	0.61122	1
0.54482	0.9026	1
-0.27003	0.83343	1
0.0078603	0.8066	1
-0.34933	0.70311	1
-0.217	0.79662	1
-0.87757	0.3043	-1
-0.16216	0.31502	1
-0.26387	0.68794	1
-0.9859	0.16202	-1
-0.3517	0.73036	1
0.25952	0.12443	-1
0.39492	0.79516	1
-0.33835	0.68096	1
-0.69984	0.16713	-1
0.093844	0.46674	-1
0.32038	0.53529	1
0.39757	0.1181	-1
0.23985	0.75399	1
-0.61667	0.058254	-1
-0.40397	0.70558	1
-0.28628	0.56483	1
-0.84211	0.092942	-1
0.34041	0.23747	-1
-0.62772	0.24381	-1
-0.42947	0.65472	1
-0.116	0.70836	1
0.61709	0.10186	-1
-0.11137	0.079756	-1
-0.64361	0.51382	-1
0.11917	0.23957	-1
0.46809	0.87182	1
0.31031	0.75782	1
-0.044039	0.75384	1
0.60788	0.39362	-1
0.29459	0.33863	-1
-0.32525	0.79111	1
0.5939	0.53041	1
-0.71041	0.01518	-1
-0.1051	0.86809	1
0.49792	0.61334	1
-0.70018	0.21039	-1
0.19865	0.047612	-1
-0.39777	0.39812	1
-0.71481	0.51421	-1
-0.55299	0.79482	1
0.35651	0.1784	-1
-0.8717	0.24057	-1
0.44276	0.58023	1
0.51121	0.15633	-1
0.3734	0.10753	-1
-0.47389	0.68247	1
-0.39289	0.5506	1
0.094837	0.75057	1
0.07616	0.63795	1
-0.66557	0.36582	-1
-0.3216	0.59191	1
-0.6735	0.29624	-1
-0.58884	0.64821	1
0.51858	0.38636	1
0.36199	0.60774	1
0.23706	0.75251	1
0.1983	0.53493	1
-0.12681	0.97141	1
0.32317	0.30823	-1
-0.077253	0.32597	-1
0.16356	0.76882	1
-0.96141	0.58821	-1
0.55253	0.2249	-1
-0.47192	0.27883	-1
-0.092754	0.69308	1
0.63881	0.42112	1
0.50085	0.68971	1
-0.2929	0.62092	1
-0.34723	0.70178	1
0.034024	0.78821	1
-0.49705	0.59948	-1
-0.38318	0.83938	1
0.34055	0.61058	1
-0.56127	1.0673	1
-0.67581	0.31931	-1
0.43959	0.41431	-1
0.22642	0.075342	-1
-0.50329	0.56642	-1
-0.18546	0.70229	1
0.38323	0.75602	1
-0.075132	0.6857	1
-0.39457	0.75524	1
-0.36247	0.68325	1
-0.93209	0.09362	-1
0.63693	0.60384	1
-0.82027	0.39571	-1
-0.8463	0.27715	-1
0.28276	0.091628	-1
0.58581	0.47286	1
0.1591	0.62821	1
0.37085	0.26407	-1
-0.51568	0.18424	-1
-0.25205	0.67358	1
-0.80303	0.22863	-1
-0.92394	0.53025	-1
0.0036025	0.80435	1
0.14915	0.47548	1
0.23231	0.81964	1
-0.47535	0.27985	-1
0.24759	0.27927	1
-0.33194	0.44021	1
0.62705	0.80869	1
-0.43995	0.52099	1
-0.42209	0.47776	-1
0.36766	0.43286	1
0.089471	0.65866	1
0.24477	0.014907	-1
0.39361	0.48992	1
-0.44171	0.64926	1
-0.98592	0.48309	-1
0.44776	0.28487	-1
0.66486	0.77395	1
0.21024	0.38436	-1
-0.84123	0.5771	-1
-0.89733	0.53209	-1
0.15472	0.040307	-1
0.42544	0.60521	1
-0.5479	0.27705	-1
-0.53952	0.44784	-1
-0.66437	0.42394	-1
-0.64377	0.38607	-1
0.66545	0.20372	-1
0.33691	0.17626	-1
0.53964	0.27999	-1
-0.080951	0.60836	1
0.33084	0.25604	-1
0.37631	0.18846	-1
-0.28327	0.79884	1
0.2806	0.60313	1
0.35967	0.3645	-1
-0.54695	0.47375	-1
-0.51688	0.18234	-1
-0.64143	0.33373	-1
-0.82769	0.36187	-1
0.31637	0.029412	-1
-0.64277	0.16349	-1
0.71031	0.77781	1
-0.40417	0.73714	1
-0.52272	0.63632	1
0.51128	0.76606	1
-0.7998	0.30943	-1
-0.25495	0.90974	1
0.63679	0.52115	1
-0.70394	0.47673	-1
-0.71864	0.25646	-1
0.26228	0.63746	1
0.18741	0.29747	-1
0.30123	0.17877	-1
0.463	0.97273	1
0.15159	0.26841	-1
0.82966	0.69789	1
-0.35072	0.73965	1
0.20393	0.41026	1
-0.5434	0.41012	-1
0.47089	0.28556	-1
-0.54033	0.3874	-1
0.4636	0.83102	1
-0.09822	0.58756	1
-0.84349	0.34542	-1
0.44443	0.74715	1
0.58315	0.87173	1
0.35245	0.43895	1
0.50164	0.23935	-1
0.15568	0.53756	-1
-0.47374	0.50632	1
-0.46928	0.88775	1
0.1492	0.6741	1
0.23637	0.97583	1
-0.62117	-0.10912	-1
0.53692	0.89847	1
-0.75195	0.88522	1
0.027255	0.28939	-1
-0.79292	0.53124	-1
-0.84969	0.31547	-1
0.43781	0.38927	-1
-0.57376	0.059677	-1
-0.64791	0.23964	-1
0.20085	0.2721	-1
0.25429	0.37431	-1
-0.19657	0.70318	1
0.20226	0.21206	-1
0.37506	0.70627	1
0.43671	0.58238	1
0.0084639	0.61459	1
0.14234	0.17899	-1
0.47468	0.45421	-1
0.46526	0.12333	-1
-0.21913	0.83485	1
-0.95179	-0.037722	-1
-0.93496	0.11371	-1
0.43574	0.4469	1
0.31616	0.42397	-1
-1.037	0.14145	-1
0.24806	0.74691	1
0.54991	0.47217	1
0.28594	0.33877	-1
-0.21617	0.88626	1
0.17478	0.54442	1
0.18203	0.29235	-1
-0.85364	0.64401	-1
-0.27839	0.34943	1
-0.60621	0.17568	-1
-0.45971	0.18693	-1
-0.29352	0.85649	1
0.29758	0.81564	1
-0.47794	0.70295	1
-0.71397	0.30872	-1
0.42764	0.72664	1
0.85827	0.9582	1
0.39039	0.40255	-1
-0.070603	1.003	1
0.2577	0.53731	-1
0.38206	0.1233	-1
-0.77597	0.4034	-1
0.47649	0.85847	1
-0.47352	0.63854	1
0.36508	-0.0019566	-1
0.4483	0.66333	1
0.23281	0.44552	-1
0.2767	0.54179	-1
-0.21787	0.39086	1
-0.75009	0.11955	-1
-0.70085	0.51836	-1
-0.37419	0.81924	1
-0.1252	0.84473	1
0.41476	0.89331	1
-0.13728	0.71246	1
0.45536	0.36796	-1
0.37599	0.51113	-1
0.096845	0.51167	1
0.36444	-0.12384	-1
0.18317	0.25532	-1
0.27778	0.21792	-1
-0.77361	0.69075	-1
0.417	0.30081	-1
-0.6711	0.36177	-1
0.31885	0.84518	1
0.23628	0.71418	1
-0.39291	0.82104	1
0.19329	0.6601	1
-0.96985	0.46625	-1
0.31234	0.90756	1
-0.89358	-0.096908	-1
0.16132	0.95086	1
0.75795	0.64611	1
0.51785	0.39686	-1
-0.92142	-0.069844	-1
-0.0049018	0.60828	1
-0.16054	0.57953	1
0.19983	0.74722	1
-0.60104	0.050601	-1
-0.10824	0.64481	1
-0.56452	0.19651	-1
0.073255	0.63941	1
-0.95033	0.078493	-1
0.36887	0.55719	-1
0.2255	0.46451	1
-0.51435	0.15696	-1
-0.28207	0.69392	-1
-0.88958	0.42676	-1
0.30476	0.40507	1
-0.38338	0.62439	1
0.6142	0.75039	1
0.12793	0.36824	-1
-0.68733	0.80703	1
0.3935	0.77975	1
0.43183	0.53389	1
0.6652	0.60934	1
0.50503	0.20396	1
0.33892	0.73942	1
-0.40256	0.20439	-1
-0.52663	0.41869	-1
-0.16044	0.85699	1
-0.85204	0.30728	-1
0.30013	0.93483	1
0.50366	0.45174	1
0.19315	0.27135	-1
0.34211	0.66164	1
0.46404	0.51065	1
-0.80914	0.4419	-1
0.30337	0.28669	-1
-0.6948	0.26866	-1
-0.62529	0.07099	-1
0.25024	0.39784	-1
-0.85582	0.14514	-1
0.29275	0.41443	-1
0.8613	0.47289	1
0.33995	0.50022	1
-0.46232	0.42367	1
-0.41825	0.68435	1
0.39955	0.13683	-1
-0.73218	0.61167	-1
0.58137	0.76943	1
0.27196	0.03101	-1
0.232	0.71067	-1
-0.6122	0.12172	-1
0.42018	0.76854	1
-0.871	0.25899	-1
0.55777	0.47273	-1
-0.12173	0.84113	1
-0.76093	0.41625	-1
-0.6492	0.26391	-1
-0.17932	0.36652	1
0.27576	0.77304	1
-0.073435	0.72278	1
-0.612	-0.13427	-1
0.68217	0.97218	1
-0.25266	0.57583	1
-0.37662	0.55321	1
-0.69284	0.17172	-1
-1.0485	0.33882	-1
-0.3683	0.7564	1
0.10742	0.52544	1
-0.87037	0.26941	-1
-0.54691	0.24956	-1
-0.93869	0.32428	-1
-0.41839	1.0113	1
-0.22205	0.68608	1
-0.98527	0.30705	-1
-0.29502	0.84056	1
-0.59037	0.69833	1
-1.0551	0.51783	-1
0.45358	0.013564	-1
-0.62068	0.046384	-1
-0.56194	0.9075	1
0.27275	0.29347	1
0.32751	0.3678	-1
0.14843	0.314	-1
-0.97957	-0.0030344	-1
-0.031121	0.22801	-1
0.77058	0.67828	1
0.46607	0.39862	-1
0.54548	0.27273	-1
0.44388	0.51522	1
0.21621	0.88615	1
-0.65476	0.56218	-1
-0.18159	0.65999	1
-0.51645	0.50126	1
0.13187	0.40226	-1
0.48449	0.35373	-1
-0.19976	0.54295	1
0.61235	0.12093	-1
0.78822	0.46455	-1
0.39326	0.093782	-1
-0.30693	0.57418	1
-0.73085	0.6428	-1
-0.29614	0.64803	1
-0.39851	0.75028	1
0.27559	0.62451	1
-0.87878	0.45065	-1
0.0088487	0.65293	1
0.19882	0.47602	-1
0.43128	0.54259	1
-0.090463	0.52225	1
0.67936	0.65976	1
0.23408	0.68085	1
-0.71895	0.090458	-1
-0.40938	0.52606	1
0.381	0.65358	1
0.36774	-0.088858	-1
-0.59713	-0.037465	-1
0.38597	0.6491	1
-0.81595	0.23597	-1
-0.19324	0.57451	1
0.17965	0.45175	-1
0.29104	0.34276	-1
-0.3047	0.86858	1
-0.25722	0.6076	1
-0.47511	0.94748	1
-0.53763	0.82707	1
-0.69488	0.38184	-1
0.40949	0.30512	1
0.42904	0.18397	-1
0.5831	0.7771	1
0.043828	0.78297	1
-0.15682	0.45769	1
-0.54744	0.7795	1
0.38291	0.74923	1
0.2268	0.99736	1
-0.56445	0.7296	1
0.48143	0.32603	-1
-0.53468	0.57901	-1
